      0.009900990099       0.08436571909        0.1763374682       0.03748843358
        0.0198019802        0.1598453105          0.25072585       -0.2452290026
        0.0297029703        0.2272764361        0.3170723378        -0.403297895
        0.0396039604        0.2874177949        0.3761350109       -0.5105057483
        0.0495049505        0.3409565658        0.4286004871       -0.5899772575
       0.05940594059          0.38851515        0.4750906597       -0.6520129018
       0.06930693069        0.4306572775        0.5161687981       -0.7021071615
       0.07920792079        0.4678935373        0.5523450745       -0.7435394877
       0.08910891089        0.5006863873        0.5840815692       -0.7784248237
       0.09900990099         0.529454691        0.6117968037       -0.8082067948
        0.1089108911        0.5545778274        0.6358698472       -0.8339145877
        0.1188118812        0.5763994127        0.6566440354       -0.8563075902
        0.1287128713        0.5952306719        0.6744303392       -0.8759619452
        0.1386138614        0.6113534918        0.6895104151       -0.8933249426
        0.1485148515        0.6250231869        0.7021393691       -0.9087506078
        0.1584158416         0.636471004        0.7125482594       -0.9225237863
        0.1683168317        0.6459063912        0.7209463631       -0.9348769194
        0.1782178218        0.6535190529        0.7275232294       -0.9460020233
        0.1881188119        0.6594808105        0.7324505396       -0.9560594286
         0.198019802        0.6639472885        0.7358837913       -0.9651842813
        0.2079207921        0.6670594415        0.7379638236       -0.9734914587
        0.2178217822        0.6689449365        0.7388181996       -0.9810793454
        0.2277227723         0.669719406        0.7385624572       -0.9880327727
        0.2376237624        0.6694875823        0.7373012433        -0.994425335
        0.2475247525        0.6683443247        0.7351293397        -1.000321237
        0.2574257426        0.6663755509        0.7321325939        -1.005776779
        0.2673267327         0.663659079        0.7283887606        -1.010841569
        0.2772277228        0.6602653919         0.723968265        -1.015559514
        0.2871287129         0.656258328        0.7189348934        -1.019969638
         0.297029703        0.6516957082        0.7133464195        -1.024106769
        0.3069306931        0.6466299025        0.7072551706        -1.028002112
        0.3168316832        0.6411083444        0.7007085415        -1.031683734
        0.3267326733         0.635173996        0.6937494591        -1.035176979
        0.3366336634        0.6288657696        0.6864168038        -1.038504823
        0.3465346535        0.6222189091        0.6787457911        -1.041688174
        0.3564356436        0.6152653363        0.6707683165        -1.044746145
        0.3663366337        0.6080339639        0.6625132692        -1.047696279
        0.3762376238         0.600550979        0.6540068147        -1.050554756
        0.3861386139        0.5928401002        0.6452726524        -1.053336574
         0.396039604        0.5849228102        0.6363322475        -1.056055708
        0.4059405941        0.5768185665        0.6272050415        -1.058725254
        0.4158415842        0.5685449927        0.6179086437        -1.061357566
        0.4257425743        0.5601180507         0.608459003        -1.063964368
        0.4356435644        0.5515521982         0.598870565        -1.066556873
        0.4455445545        0.5428605296        0.5891564138        -1.069145883
        0.4554455446        0.5340549051        0.5793283998         -1.07174189
        0.4653465347         0.525146067        0.5693972563         -1.07435517
        0.4752475248        0.5161437449        0.5593727052        -1.076995878
        0.4851485149         0.507056751        0.5492635515        -1.079674138
         0.495049505        0.4978930671        0.5390777703        -1.082400138
         0.504950495        0.4886599225        0.5288225852        -1.085184224
        0.5148514851         0.479363865        0.5185045386        -1.088036998
        0.5247524752        0.4700108251        0.5081295561        -1.090969427
        0.5346534653        0.4606061744        0.4977030048         -1.09399295
        0.5445544554        0.4511547779        0.4872297461        -1.097119604
        0.5544554455        0.4416610424        0.4767141828         -1.10036216
        0.5643564356        0.4321289588        0.4661603029         -1.10373427
        0.5742574257        0.4225621422        0.4555717182         -1.10725064
        0.5841584158        0.4129638667        0.4449517003        -1.110927226
        0.5940594059        0.4033370978        0.4343032122        -1.114781454
         0.603960396        0.3936845214        0.4236289378        -1.118832486
        0.6138613861        0.3840085704        0.4129313079        -1.123101522
        0.6237623762        0.3743114482         0.402212524        -1.127612161
        0.6336633663        0.3645951505        0.3914745802        -1.132390837
        0.6435643564        0.3548614848        0.3807192828        -1.137467328
        0.6534653465        0.3451120886        0.3699482675        -1.142875392
        0.6633663366        0.3353484445        0.3591630161        -1.148653523
        0.6732673267        0.3255718956        0.3483648704        -1.154845898
        0.6831683168        0.3157836586        0.3375550461        -1.161503544
        0.6930693069        0.3059848351         0.326734644        -1.168685802
         0.702970297        0.2961764231        0.3159046612        -1.176462184
        0.7128712871        0.2863593265        0.3050660009        -1.184914746
        0.7227722772        0.2765343639         0.294219481        -1.194141168
        0.7326732673        0.2667022769        0.2833658425        -1.204258788
        0.7425742574         0.256863737        0.2725057565        -1.215409976
        0.7524752475        0.2470193526        0.2616398306        -1.227769408
        0.7623762376        0.2371696745        0.2507686154        -1.241554072
        0.7722772277        0.2273152018        0.2398926095        -1.257037342
        0.7821782178        0.2174563865        0.2290122645        -1.274569218
        0.7920792079        0.2075936378        0.2181279894         -1.29460623
         0.801980198        0.1977273267        0.2072401548        -1.317757047
        0.8118811881        0.1878577889         0.196349096        -1.344854654
        0.8217821782        0.1779853285        0.1854551172        -1.377075889
        0.8316831683        0.1681102212        0.1745584935        -1.416150749
        0.8415841584        0.1582327163        0.1636594743        -1.464755832
        0.8514851485          0.14835304        0.1527582853         -1.52732635
        0.8613861386        0.1384713968        0.1418551311        -1.611963816
        0.8712871287        0.1285879723        0.1309501971        -1.735879128
        0.8811881188        0.1187029343        0.1200436508        -1.947124487
        0.8910891089        0.1088164349        0.1091356444        -2.532618685
         0.900990099       0.09892861192       0.09822631546        -2.148801436
        0.9108910891        0.0890395901       0.08731578865        -1.713095912
        0.9207920792       0.07914948244        0.0764041769        -1.459857393
        0.9306930693        0.0692583913       0.06549158247         -1.26449882
        0.9405940594       0.05936640941       0.05457809801        -1.093358397
        0.9504950495       0.04947362071       0.04366380741       -0.9302115187
        0.9603960396       0.03958010127       0.03274878666       -0.7629726142
        0.9702970297       0.02968591998        0.0218331046       -0.5775251252
        0.9801980198       0.01979113922       0.01091682356       -0.3483359212
