           0.2407317       -0.3754806822
           0.4814635       0.08348952546
        0.7221951999       -0.2919904103
        0.9629269998        0.1669809203
           1.2036587       -0.2084976017
           1.4443905         0.250475157
           1.6851222       -0.1250014805
            1.925854        0.3339726384
           2.1665857      -0.04150303141
           2.4073174       -0.4169779543
         2.648049199        0.0419977936
         2.888780899       -0.3334764179
         3.129512698        0.1254998529
         3.370244398       -0.2499742965
         3.610976198        0.2090017261
         3.851707897       -0.1664718902
         4.092439697        0.2925054213
         4.333171398      -0.08296724001
         4.573903199        0.3760101184
         4.814634899     0.0005376819254
           5.0553666       -0.3749345069
         5.296098401       0.08404355519
         5.536830101       -0.2914280227
         5.777561902        0.1675507799
         6.018293603       -0.2079210448
         6.259025403        0.2510573624
         6.499757104       -0.1244140186
         6.740488905        0.3345647095
         6.981220605      -0.04090593586
         7.221952306       -0.4163756906
         7.462684107       0.04260539362
         7.703415807       -0.3328639492
         7.944147608        0.1261162504
         8.184879307       -0.2493538322
         8.425611106        0.2096272354
         8.666342804       -0.1658411632
         8.907074603        0.2931409739
         9.147806301      -0.08232680055
           9.3885381        0.3766571388
         9.629269798      0.001191620313
         9.870001497       -0.3742735204
          10.1107333       0.08471176897
         10.35146499       -0.2907527159
         10.59219679        0.1682323443
         10.83292849       -0.2072329526
         11.07366029        0.2517531948
         11.31439199       -0.1237100184
         11.55512379        0.3352775468
         11.79585549      -0.04018532315
         12.03658718       -0.4156482653
         12.27731898       0.04333873449
         12.51805068       -0.3321251395
         12.75878248        0.1268608274
         12.99951418        -0.248603339
         13.24024598        0.2103830814
         13.48097767       -0.1650809015
         13.72170947        0.2939048027
         13.96244117      -0.08155910945
         14.20317297        0.3774266104
         14.44390467      0.001962748411
         14.68463637       -0.3735004648
         14.92536817        0.0854872386
         15.16609986       -0.2899742227
         15.40683166        0.1690152617
         15.64756336        -0.206444663
         15.88829516         0.252545414
         16.12902686       -0.1229147589
         16.36975866        0.3360748286
         16.61049037      -0.03938631966
         16.85122207       -0.4148466371
         17.09195387       0.04414436698
         17.33268558       -0.3313142265
         17.57341738        0.1276774012
         17.81414908       -0.2477807239
         18.05488088        0.2112109494
         18.29561259       -0.1642481246
         18.53634439        0.2947428418
         18.77707609      -0.08071532575
         19.01780789        0.3782777456
          19.2585396      0.002821581334
          19.4992713       -0.3726344452
          19.7400031       0.08636023077
         19.98073481       -0.2890948583
         20.22146661         0.169900613
         20.46219831       -0.2055546774
         20.70293011        0.2534407249
         20.94366182       -0.1220137411
         21.18439362        0.3369832743
         21.42512532       -0.0384690975
         21.66585703       -0.4139215523
         21.90658883       0.04507725161
         22.14732053        -0.330373253
         22.38805233        0.1286267672
         22.62878404         -0.24682393
         22.86951584        0.2121763563
         23.11024754       -0.1632734534
         23.35097935        0.2957277149
         23.59171105      -0.07972108325
         23.83244285        0.3792804208
         24.07317455      0.003832022493
         24.31390626       -0.3716156112
         24.55463806        0.0873870289
         24.79536976       -0.2880589179
         25.03610157        0.1709461096
         25.27683327       -0.2044992667
         25.51756507        0.2545056291
         25.75829677       -0.1209398039
         25.99902858        0.3380645505
         26.23976028      -0.03738104225
         26.48049198       -0.4128256342
         26.72122378       0.04618103136
         26.96195549       -0.3292625436
         27.20268729        0.1297445218
         27.44341899       -0.2456982067
          27.6841508        0.2133086215
          27.9248825        -0.162135057
          28.1656143        0.2968715953
           28.406346      -0.07857141799
         28.64707781        0.3804362471
         28.88780951      0.004993778975
         29.12854121       -0.3704494218
         29.36927302       0.08855800712
         29.61000472       -0.2868838745
         29.85073652        0.1721246749
         30.09146822       -0.2033163541
         30.33220003        0.2556935495
         30.57293173       -0.1197457987
         30.81366353        0.3392654979
         31.05439524      -0.03617290525
         31.29512694       -0.4116112544
         31.53585874       0.04740126416
         31.77659044       -0.3280356781
         32.01732225        0.1309779825
         32.25805395       -0.2444577671
         32.49878575        0.2145580539
         32.73951746        -0.160876284
         32.98024926        0.2981390267
         33.22098096       -0.0772950903
         33.46171276        0.3817217186
         33.70244447      0.006288842934
         33.94317617       -0.3691424713
         34.18390797       0.08987723133
         34.42463967        -0.285553537
         34.66537148        0.1734665538
         34.90610318       -0.2019632806
         35.14683498        0.2570569186
         35.38756669       -0.1183734191
         35.62829849        0.3406472322
         35.86903019      -0.03478217106
         36.10976189       -0.4102107383
          36.3504937       0.04881146607
          36.5912254       -0.3266169014
          36.8319572        0.1324048662
         37.07268891        -0.243023518
         37.31342071         0.215998247
         37.55415241       -0.1594304698
         37.79488421        0.2995903988
         38.03561592      -0.07583883217
         38.27634772        0.3831825298
         38.51707942      0.007753978307
         38.75781113        -0.367674391
         38.99854293       0.09134785217
         39.23927463       -0.2840799103
         39.48000643        0.1749428045
         39.72073814       -0.2004838773
         39.96146994        0.2585402666
         40.20220164        -0.116886036
         40.44293345        0.3421374917
         40.68366515      -0.03328778507
         40.92439685       -0.4087128012
         41.16512865       0.05031287569
         41.40586036       -0.3251107145
         41.64659216        0.1339165784
         41.88732386       -0.2415066075
         42.12805566        0.2175196663
         42.36878737       -0.1579037508
         42.60951917        0.3011227669
         42.85025087      -0.07430082242
         43.09098268        0.3847261329
         43.33171438      0.009303302875
         43.57244608       -0.3661198494
         43.81317788       0.09290771175
         44.05390959       -0.2825144577
         44.29464139        0.1765143222
         44.53537309       -0.1989065808
          44.7761049        0.2601227001
          45.0168366        -0.115297829
          45.2575684        0.3437321542
          45.4983001      -0.03168699746
         45.73903181        -0.407107023
         45.97976361       0.05192351128
         46.22049531       -0.3234963015
         46.46122712        0.1355343439
         46.70195882       -0.2398844133
         46.94269062        0.2191470768
         47.18342232       -0.1562718071
         47.42415413        0.3027595817
         47.66488583      -0.07265825199
         47.90561763        0.3863744369
         48.14634934       0.01095788669
         48.38708104       -0.3644589938
         48.62781284       0.09457548823
         48.86854454       -0.2808403449
         49.10927635        0.1781935421
         49.35000805       -0.1972218547
         49.59073985        0.2618133793
         49.83147156       -0.1136025476
         50.07220336        0.3454320357
         50.31293506      -0.02998327895
         50.55366676       -0.4053979297
         50.79439857       0.05363834837
         51.03513027       -0.3217746425
         51.27586207        0.1372635551
         51.51659377       -0.2381480648
         51.75732558        0.2208922478
         51.99805728        -0.154518199
         52.23878908        0.3045216889
         52.47952079      -0.07088678638
         52.72025259        0.3881552619
         52.96098429       0.01274697868
         53.20171599       -0.3626607819
          53.4424478       0.09638169796
          53.6831795        -0.279025906
          53.9239113        0.1800171289
         54.16464301       -0.1953896012
         54.40537481        0.2636529452
         54.64610651       -0.1117546385
         54.88683831        0.3472882276
         55.12757002      -0.02811925313
         55.36830172       -0.4035266831
         55.60903352       0.05551704474
         55.84976523       -0.3198875613
         56.09049703        0.1391580057
         56.33122873       -0.2362465371
         56.57196053        0.2227988971
         56.81269224       -0.1526061401
         57.05342404        0.3064381378
         57.29415574      -0.06896700111
         57.53488755        0.3900783244
         57.77561925       0.01467441072
         58.01635095       -0.3607293696
         58.25708275       0.09831833196
         58.49781446       -0.2770837628
         58.73854626        0.1819643054
         58.97927796       -0.1934367998
         59.22000976        0.2656119651
         59.46074147        -0.109788597
         59.70147327        0.3492611647
         59.94220497      -0.02613849752
         60.18293668       -0.4015373851
         60.42366848       0.05751520947
         60.66440018       -0.3178824523
         60.90513198        0.1411696138
         61.14586369       -0.2342284436
         61.38659549        0.2248244343
         61.62732719       -0.1505726939
           61.868059        0.3084807576
          62.1087907      -0.06691516635
          62.3495225        0.3921394005
          62.5902542       0.01674425051
         62.83098591       -0.3586503694
         63.07171771        0.1004056725
         63.31244941          -0.2749888
         63.55318122        0.1840670436
         63.79391292       -0.1913267574
         64.03464472        0.2677298435
          64.2753764       -0.1076636912
         64.51610819        0.3513927141
         64.75683988      -0.02400091269
         64.99757156       -0.3993947834
         65.23830335       0.05966169756
         65.47903503       -0.3157312628
         65.71976682        0.1433262054
          65.9604985       -0.2320665331
         66.20123029        0.2269910953
         66.44196198       -0.1484006045
         66.68269376        0.3106579273
         66.92342545      -0.06473403811
         67.16415723        0.3943241321
         67.40488892       0.01893383223
          67.6456206       -0.3564560929
         67.88635239        0.1026035755
         68.12708408       -0.2727872017
         68.36781586        0.1862732388
         68.60854755        -0.189115832
         68.84927933         0.269945129
         69.09001102       -0.1054440878
          69.3307428        0.3536168266
         69.57147449      -0.02177150523
         69.81220618       -0.3971590965
         70.05293796       0.06190382612
         70.29366965       -0.3134830231
         70.53440143        0.1455805567
         70.77513312       -0.2298052354
          71.0158649        0.2292595405
         71.25659659       -0.1461259184
         71.49732838        0.3129386345
         71.73806006      -0.06244701771
         71.97879185         0.396617248
         72.21952353       0.02123106175
         72.46025522       -0.3541547588
           72.700987        0.1049098313
         72.94171869       -0.2704755002
         73.18245048        0.1885897203
         73.42318216       -0.1867954719
         73.66391395        0.2722700452
         73.90464563       -0.1031135785
         74.14537742        0.3559532899
          74.3861091      -0.01942919102
         74.62684079       -0.3948114171
         74.86757258       0.06425662137
         75.10830426       -0.3111240907
         75.34903605        0.1479455149
         75.58976773       -0.2274347888
         75.83049952        0.2316341021
          76.0712312       -0.1437472971
         76.31196299        0.3153217787
         76.55269468       -0.0600586809
         76.79342646        0.3990114459
         77.03415815       0.02363194413
         77.27488983       -0.3517472278
         77.51562162        0.1073243754
          77.7563533       -0.2680538026
         77.99708509        0.1910173814
         78.23781678       -0.1843618638
         78.47854856        0.2747090324
         78.71928025       -0.1006691509
         78.96001203        0.3584031397
         79.20074372      -0.01697354007
          79.4414754       -0.3923512353
         79.68220719       0.06672104677
         79.92293888       -0.3086559524
         80.16367066        0.1504189052
         80.40440235       -0.2249565169
         80.64513413        0.2341180832
         80.88586582       -0.1412573139
          81.1265976          0.31781771
         81.36732929      -0.05755649678
         81.60806108        0.4015193598
         81.84879276       0.02614578291
         82.08952445       -0.3492271238
         82.33025623        0.1098513071
         82.57098792       -0.2655197228
          82.8117197        0.1935598475
         83.05245139       -0.1818104793
         83.29318318          0.27726952
         83.53391486      -0.09809969469
         83.77464665        0.3609818013
         84.01537833      -0.01438709273
         84.25611002       -0.3897567295
          84.4968418       0.06932317828
         84.73757349       -0.3060466744
         84.97830528        0.1530335894
         85.21903696       -0.2223358402
         85.45976875        0.2367451565
         85.70050043       -0.1386237592
         85.94123222        0.3204575146
          86.1819639       -0.0549111957
         86.42269569         0.404170552
         86.66342738       0.02880213829
         86.90415906       -0.3465657867
         87.14489085        0.1125178188
         87.38562253       -0.2628483933
         87.62635432        0.1962357583
           87.867086       -0.1791301219
         88.10781779        0.2799530321
         88.34854948      -0.09541375007
         88.58928126         0.363669829
         88.83001295      -0.01169700426
         89.07074463        -0.387063719
         89.31147642       0.07202011551
          89.5522081       -0.3033464883
         89.79293989        0.1557372314
         90.03367158       -0.2196286233
         90.27440336        0.2394559344
         90.51513505       -0.1359090121
         90.75586683        0.3231764847
         90.99659852       -0.0521882276
          91.2373303        0.4068968882
         91.47806199       0.03153217903
         91.71879367       -0.3438322633
         91.95952546        0.1152545525
         92.20025715       -0.2601084704
         92.44098893        0.1989786032
         92.68172062       -0.1763844263
          92.9224524        0.2827024383
         93.16318409      -0.09265892327
         93.40391587        0.3664300438
         93.64464756     -0.008929103725
         93.88537925       -0.3842878806
         94.12611103       0.07480395662
         94.36684272       -0.3005539763
          94.6075745        0.1585391931
         94.84830619       -0.2168173654
         95.08903797        0.2422770226
         95.32976966       -0.1330788542
         95.57050145        0.3260155359
         95.81123313       -0.0493397086
         96.05196492         0.409756068
          96.2926966       0.03440168149
         96.53342829       -0.3409533964
         96.77416007          0.11814245
         97.01489176       -0.2572114807
         97.25562355        0.2018857714
         97.49635523       -0.1734664131
         97.73708702        0.2856311843
          97.9778187      -0.08972168158
         98.21855049        0.3693761526
         98.45928217      -0.00597577116
         98.70001386       -0.3813275529
         98.94074565       0.07777138052
         99.18147733       -0.2975797194
         99.42220912        0.1615200579
          99.6629408       -0.2138305241
         99.90367259        0.2452693809
