           0.2407317       0.02153260264
           0.4814634       0.04306649754
        0.7221950999       0.06460016627
        0.9629267998       0.08613413332
           1.2036585        0.1076690143
           1.4443903        0.9636538803
            1.685122        0.9851889254
           1.9258537         1.006723986
           2.1665854         1.028260119
           2.4073171          1.04979632
         2.648048799         1.071332656
         2.888780499         1.092869437
         3.129512198          1.11440775
         3.370243898         1.135946318
         3.610975598         1.157485313
         3.851707397         2.013475439
         4.092439097         2.035015086
         4.333170798         2.056555491
         4.573902499         2.078096185
         4.814634199         2.099636924
           5.0553659         2.121177656
         5.296097601         2.142718175
         5.536829301         2.164257823
         5.777561002         2.185796751
         6.018292703         2.207335403
         6.259024503         3.063324824
         6.499756204         3.084863311
         6.740487905         3.106401017
         6.981219605         3.127938452
         7.221951306         3.149475761
         7.462683007         3.171013253
         7.703414707         3.192551245
         7.944146408          3.21408824
         8.184878107         3.235626011
         8.425609806         3.257164271
         8.666341604         4.113153338
         8.907073303         4.134693143
         9.147805001         4.156233294
           9.3885367          4.17777358
         9.629268398         4.199312582
         9.870000097         4.220851666
          10.1107318         4.242390655
         10.35146349         4.263928428
         10.59219519         4.285465741
         10.83292689         4.307002885
         11.07365869         5.162989514
         11.31439039         5.184525679
         11.55512209         5.206062044
         11.79585379         5.227597937
         12.03658548          5.24913313
         12.27731718         5.270668337
         12.51804888         5.292202659
         12.75878058         5.313736322
         12.99951228         5.335269034
         13.24024398         5.356799829
         13.48097577         6.212779946
         13.72170747         6.234308125
         13.96243917         6.255834432
         14.20317087         6.277358495
         14.44390257         6.298880388
         14.68463427         6.320401436
         14.92536597         6.341920902
         15.16609766         6.363439102
         15.40682936         6.384956495
         15.64756106         6.406472386
         15.88829276         6.427987738
         16.12902456         7.283951302
         16.36975626         7.305463028
         16.61048797         7.326974515
         16.85121967         7.348485797
         17.09195137         7.369996665
         17.33268308         7.391507241
         17.57341478         7.413016069
         17.81414648         7.434522558
         18.05487818         7.456027899
         18.29560989         7.477531817
         18.53634169         8.333484701
         18.77707339         8.354986669
         19.01780509         8.376488434
          19.2585368         8.397988116
          19.4992685          8.41948704
          19.7400002         8.440984182
         19.98073191         8.462481123
         20.22146361         8.483976913
         20.46219531         8.505471961
         20.70292701         8.526966172
         20.94365882         9.382908929
         21.18439052         9.404399181
         21.42512222         9.425887802
         21.66585393         9.447374626
         21.90658563         9.468860392
         22.14731733         9.490344288
         22.38804903         9.511826671
         22.62878074         9.533307743
         22.86951244         9.554787596
         23.11024414         9.576265927
         23.35097595         10.43219335
         23.59170765         10.45366984
         23.83243935         10.47514508
         24.07317105         10.49661907
         24.31390276         10.51809078
         24.55463446         10.53956127
         24.79536616         10.56103102
         25.03609787         10.58250102
         25.27682957         10.60397046
         25.51756127         10.62543945
         25.75829307          11.4813572
         25.99902478         11.50282329
         26.23975648         11.52428869
         26.48048818         11.54575401
         26.72121988         11.56721909
         26.96195159         11.58868372
         27.20268329          11.6101478
         27.44341499         11.63161073
          27.6841467         11.65307339
          27.9248784         11.67453557
          28.1656102         12.53044722
          28.4063419         12.55190806
         28.64707361         12.57336742
         28.88780531         12.59482563
         29.12853701         12.61628323
         29.36926872         12.63773892
         29.61000042          12.6591927
         29.85073212         12.68064551
         30.09146382         12.70209671
         30.33219553         12.72354624
         30.57292723         12.74499457
         30.81365903         13.60089176
         31.05439074         13.62233732
         31.29512244           13.643782
         31.53585414          13.6652259
         31.77658584         13.68666936
         32.01731755         13.70811174
         32.25804925         13.72955337
         32.49878095         13.75099487
         32.73951266          13.7724352
         32.98024436         13.79387462
         33.22097616         14.64976345
         33.46170786         14.67120099
         33.70243957         14.69263735
         33.94317127         14.71407173
         34.18390297         14.73550529
         34.42463467         14.75693718
         34.66536638         14.77836755
         34.90609808         14.79979672
         35.14682978         14.82122492
         35.38756149         14.84265195
         35.62829329         15.69852858
         35.86902499         15.71995374
         36.10975669         15.74137819
          36.3504884         15.76280234
          36.5912201         15.78422599
          36.8319518         15.80564936
         37.07268351         15.82707313
         37.31341521         15.84849696
         37.55414691         15.86992107
         37.79487861         15.89134524
         38.03561042         16.74721855
         38.27634212         16.76864127
         38.51707382         16.79006364
         38.75780553         16.81148534
         38.99853723         16.83290708
         39.23926893         16.85432834
         39.48000063         16.87574916
         39.72073234         16.89716999
         39.96146404         16.91859058
         40.20219574         16.94001225
         40.44292755         17.79588487
         40.68365925         17.81730787
         40.92439095         17.83873073
         41.16512265         17.86015321
         41.40585436         17.88157499
         41.64658606         17.90299717
         41.88731776         17.92442126
         42.12804946         17.94584621
         42.36878117         17.96727131
         42.60951287         17.98869669
         42.85024467          18.8445723
         43.09097638         18.86599818
         43.33170808         18.88742467
         43.57243978         18.90885174
         43.81317148         18.93027844
         44.05390319         18.95170581
         44.29463489         18.97313411
         44.53536659          18.9945636
          44.7760983         19.01599408
            45.01683          19.0374251
          45.2575617         19.05885767
          45.4982935         19.91474175
         45.73902521          19.9361757
         45.97975691         19.95761018
         46.22048861         19.97904564
         46.46122032         20.00048163
         46.70195202         20.02191767
         46.94268372         20.04335413
         47.18341542         20.06479174
         47.42414713         20.08623008
         47.66487883         20.10766865
         47.90561063         20.96355816
         48.14634234         20.98499767
         48.38707404         21.00643739
         48.62780574         21.02787814
         48.86853744         21.04931971
         49.10926915         21.07076164
         49.35000085         21.09220448
         49.59073255         21.11364792
         49.83146426         21.13509128
         50.07219596         21.15653449
         50.31292776         22.01242816
         50.55365946         22.03387249
         50.79439117         22.05531752
         51.03512287         22.07676202
         51.27585457         22.09820712
         51.51658627         22.11965234
         51.75731798         22.14109834
         51.99804968         22.16254445
         52.23878138         22.18399156
         52.47951309         22.20543918
         52.72024489          23.0613379
         52.96097659         23.08278771
         53.20170829          23.1042385
            53.44244         23.12568879
          53.6831717         23.14713922
          53.9239034          23.1685902
         54.16463511         23.19004188
         54.40536681         23.21149428
         54.64609851         23.23294724
         54.88683021         23.25440142
         55.12756202         24.11030668
         55.36829372         24.13176183
         55.60902542         24.15321747
         55.84975713         24.17467431
         56.09048883         24.19613041
         56.33122053         24.21758638
         56.57195223         24.23904273
         56.81268394         24.26049863
         57.05341564         24.28195482
         57.29414734         24.30341081
         57.53487915         25.15931631
         57.77561085         25.18077187
         58.01634255         25.20222658
         58.25707425         25.22368129
         58.49780596         25.24513539
         58.73853766         25.26658919
         58.97926936         25.28804266
         59.22000106         25.30949514
         59.46073277         25.33094702
         59.70146447         25.35239903
         59.94219617         25.37385015
         60.18292798         26.22975143
         60.42365968         26.25120192
         60.66439138         26.27265136
         60.90512308         26.29410005
         61.14585479         26.31554841
         61.38658649          26.3369955
         61.62731819         26.35844164
          61.8680499         26.37988594
          62.1087816         26.40132819
          62.3495133         26.42277036
          62.5902451         27.27866177
         62.83097681         27.30010157
         63.07170851         27.32154019
         63.31244021         27.34297794
         63.55317192         27.36441521
         63.79390362         27.38585175
         64.03463532         27.40728698
           64.275367         27.42872183
         64.51609869         27.45015605
         64.75683038         27.47158969
         64.99756216         28.32747273
         65.23829385         28.34890516
         65.47902553         28.37033598
         65.71975722          28.3917663
          65.9604889         28.41319535
         66.20122059         28.43462445
         66.44195228         28.45605084
         66.68268396         28.47747678
         66.92341565          28.4989015
         67.16414733         28.52032471
         67.40487912         29.37619674
          67.6456108         29.39761715
         67.88634249         29.41903699
         68.12707418         29.44045627
         68.36780586         29.46187511
         68.60853755         29.48329302
         68.84926923         29.50471056
         69.09000092         29.52612632
          69.3307326         29.54754156
         69.57146429         29.56895607
         69.81219608         30.42481974
         70.05292776         30.44623202
         70.29365945         30.46764332
         70.53439113         30.48905276
         70.77512282         30.51046116
          71.0158545         30.53186829
         71.25658619         30.55327445
         71.49731788         30.57467936
         71.73804956         30.59608333
         71.97878125         30.61748641
         72.21951303         31.47333798
         72.46024472         31.49473794
          72.7009764         31.51613744
         72.94170809         31.53753493
         73.18243978         31.55893146
         73.42317146          31.5803273
         73.66390315         31.60172127
         73.90463483         31.62311392
         74.14536652         31.64450479
          74.3860982         31.66589533
         74.62682989         31.68728487
         74.86756168         32.54312324
         75.10829336         32.56451056
         75.34902505          32.5858966
         75.58975673         32.60728056
         75.83048842         32.62866426
          76.0712201         32.65004733
         76.31195179         32.67142878
         76.55268348         32.69280932
         76.79341516          32.7141882
         77.03414685         32.73556625
         77.27487863         33.59139448
         77.51561032         33.61277231
           77.756342         33.63414995
         77.99707369         33.65552766
         78.23780538         33.67690399
         78.47853706          33.6982787
         78.71926875         33.71965143
         78.96000043         33.74102219
         79.20073212         33.76239059
          79.4414638         33.78375769
         79.68219559         34.63957472
         79.92292728         34.66094023
         80.16365896         34.68230471
         80.40439065          34.7036675
         80.64512233         34.72502881
         80.88585402         34.74638964
          81.1265857         34.76775012
         81.36731739         34.78910939
         81.60804908         34.81046634
         81.84878076         34.83182093
         82.08951255         35.68762453
         82.33024423         35.70897714
         82.57097592         35.73032905
          82.8117076          35.7516798
         83.05243929         35.77303024
         83.29317098         35.79437962
         83.53390266         35.81572886
         83.77463435         35.83707841
         84.01536603         35.85842775
         84.25609772         35.87977701
          84.4968295          36.7355776
         84.73756119          36.7569278
         84.97829288           36.778277
         85.21902456         36.79962536
         85.45975625         36.82097339
         85.70048793         36.84232156
         85.94121962          36.8636707
          86.1819513         36.88501942
         86.42268299         36.90636788
         86.66341468         36.92771709
         86.90414646         37.78351772
         87.14487815         37.80486802
         87.38560983         37.82621872
         87.62634152         37.84756963
          87.8670732          37.8689205
         88.10780489         37.89027198
         88.34853658         37.91162369
         88.58926826         37.93297542
         88.82999995         37.95432662
         89.07073163         37.97567792
         89.31146342         38.83147944
          89.5521951         38.85283029
         89.79292679         38.87418189
         90.03365848         38.89553322
         90.27439016         38.91688492
         90.51512185         38.93823751
         90.75585353         38.95959061
         90.99658522         38.98094356
          91.2373169         39.00229563
         91.47804859         39.02364861
         91.71878027         39.04500222
         91.95951206         39.90080614
         92.20024375         39.92216024
         92.44097543         39.94351489
         92.68170712          39.9648699
          92.9224388         39.98622469
         93.16317049         40.00757915
         93.40390217         40.02893534
         93.64463386         40.05029107
         93.88536555         40.07164771
         94.12609723         40.09300403
         94.36682902         40.94881081
          94.6075607         40.97016766
         94.84829239         40.99152529
         95.08902407         41.01288303
         95.32975576         41.03424142
         95.57048745         41.05560027
         95.81121913         41.07695845
         96.05195082         41.09831718
          96.2926825         41.11967522
         96.53341419         41.14103381
         96.77414597         41.99684277
         97.01487766          42.0182019
         97.25560935         42.03956128
         97.49634103          42.0609216
         97.73707272         42.08228375
          97.9778044         42.10364602
         98.21853609         42.12500917
         98.45926777         42.14637329
         98.69999946         42.16773719
         98.94073115         42.18910144
         99.18146293         43.04491615
         99.42219462         43.06628176
          99.6629263          43.0876475
         99.90365799         43.10901359
