      0.009900990099       0.08436571909       0.08429683337        -3.088036832
        0.0198019802        0.1598453105        0.1597147947        -3.088036832
        0.0297029703        0.2272764361        0.2270908619        -3.088036832
        0.0396039604        0.2874177949        0.2871831145        -3.088036832
        0.0495049505        0.3409565658        0.3406781703        -3.088036832
       0.05940594059          0.38851515        0.3881979223        -3.088036832
       0.06930693069        0.4306572775        0.4303056402        -3.088036832
       0.07920792079        0.4678935373        0.4675114961        -3.088036832
       0.08910891089        0.5006863873        0.5002775703        -3.088036832
       0.09900990099         0.529454691        0.5290223843        -3.088036832
        0.1089108911        0.5545778274        0.5541250073        -3.088036832
        0.1188118812        0.5763994127         0.575928775        -3.088036832
        0.1287128713        0.5952306719        0.5947446583        -3.088036832
        0.1386138614        0.6113534918        0.6108543137        -3.088036832
        0.1485148515        0.6250231869        0.6245128472        -3.088036832
        0.1584158416         0.636471004         0.635951317        -3.088036832
        0.1683168317        0.6459063912        0.6453790002        -3.088036832
        0.1782178218        0.6535190529         0.652985446        -3.088036832
        0.1881188119        0.6594808105        0.6589423357        -3.088036832
         0.198019802        0.6639472885        0.6634051669        -3.088036832
        0.2079207921        0.6670594415        0.6665147787        -3.088036832
        0.2178217822        0.6689449365        0.6683987342        -3.088036832
        0.2277227723         0.669719406        0.6691725713        -3.088036832
        0.2376237624        0.6694875823        0.6689409369        -3.088036832
        0.2475247525        0.6683443247        0.6677986128        -3.088036832
        0.2574257426        0.6663755509        0.6658314465        -3.088036832
        0.2673267327         0.663659079        0.6631171927        -3.088036832
        0.2772277228        0.6602653919        0.6597262766        -3.088036832
        0.2871287129         0.656258328        0.6557224845        -3.088036832
         0.297029703        0.6516957082        0.6511635901        -3.088036832
        0.3069306931        0.6466299025        0.6461019207        -3.088036832
        0.3168316832        0.6411083444         0.640584871        -3.088036832
        0.3267326733         0.635173996        0.6346553681        -3.088036832
        0.3366336634        0.6288657696        0.6283522924        -3.088036832
        0.3465346535        0.6222189091        0.6217108592        -3.088036832
        0.3564356436        0.6152653363        0.6147629641        -3.088036832
        0.3663366337        0.6080339639        0.6075374962        -3.088036832
        0.3762376238         0.600550979        0.6000606213        -3.088036832
        0.3861386139        0.5928401002        0.5923560385        -3.088036832
         0.396039604        0.5849228102         0.584445213        -3.088036832
        0.4059405941        0.5768185665        0.5763475866        -3.088036832
        0.4158415842        0.5685449927        0.5680807682        -3.088036832
        0.4257425743        0.5601180507         0.559660707        -3.088036832
        0.4356435644        0.5515521982        0.5511018486        -3.088036832
        0.4455445545        0.5428605296        0.5424172768        -3.088036832
        0.4554455446        0.5340549051        0.5336188423        -3.088036832
        0.4653465347         0.525146067        0.5247172784        -3.088036832
        0.4752475248        0.5161437449        0.5157223067        -3.088036832
        0.4851485149         0.507056751        0.5066427325        -3.088036832
         0.495049505        0.4978930671        0.4974865309        -3.088036832
         0.504950495        0.4886599225        0.4882609253        -3.088036832
        0.5148514851         0.479363865        0.4789724581        -3.088036832
        0.5247524752        0.4700108251        0.4696270551        -3.088036832
        0.5346534653        0.4606061744        0.4602300834        -3.088036832
        0.5445544554        0.4511547779        0.4507864041        -3.088036832
        0.5544554455        0.4416610424        0.4413004203        -3.088036832
        0.5643564356        0.4321289588        0.4317761199        -3.088036832
        0.5742574257        0.4225621422        0.4222171147        -3.088036832
        0.5841584158        0.4129638667        0.4126266763        -3.088036832
        0.5940594059        0.4033370978        0.4030077677        -3.088036832
         0.603960396        0.3936845214        0.3933630729        -3.088036832
        0.6138613861        0.3840085704        0.3836950224        -3.088036832
        0.6237623762        0.3743114482         0.374005818        -3.088036832
        0.6336633663        0.3645951505        0.3642974537        -3.088036832
        0.6435643564        0.3548614848        0.3545717358        -3.088036832
        0.6534653465        0.3451120886           0.3448303        -3.088036832
        0.6633663366        0.3353484445        0.3350746281        -3.088036832
        0.6732673267        0.3255718956        0.3253060619        -3.088036832
        0.6831683168        0.3157836586        0.3155258171        -3.088036832
        0.6930693069        0.3059848351        0.3057349945        -3.088036832
         0.702970297        0.2961764231        0.2959345912        -3.088036832
        0.7128712871        0.2863593265        0.2861255104        -3.088036832
        0.7227722772        0.2765343639          0.27630857        -3.088036832
        0.7326732673        0.2667022769         0.266484511        -3.088036832
        0.7425742574         0.256863737        0.2566540044        -3.088036832
        0.7524752475        0.2470193526         0.246817658        -3.088036832
        0.7623762376        0.2371696745        0.2369760224        -3.088036832
        0.7722772277        0.2273152018         0.227129596        -3.088036832
        0.7821782178        0.2174563865        0.2172788305        -3.088036832
        0.7920792079        0.2075936378        0.2074241349        -3.088036832
         0.801980198        0.1977273267        0.1975658797        -3.088036832
        0.8118811881        0.1878577889        0.1877044005        -3.088036832
        0.8217821782        0.1779853285        0.1778400012        -3.088036832
        0.8316831683        0.1681102212         0.167972957        -3.088036832
        0.8415841584        0.1582327163        0.1581035172        -3.088036832
        0.8514851485          0.14835304        0.1482319078        -3.088036832
        0.8613861386        0.1384713968        0.1383583331        -3.088036832
        0.8712871287        0.1285879723        0.1284829785        -3.088036832
        0.8811881188        0.1187029343        0.1186060118        -3.088036832
        0.8910891089        0.1088164349        0.1087275849        -3.088036832
         0.900990099       0.09892861192       0.09884783541        -3.088036832
        0.9108910891        0.0890395901        0.0889668881        -3.088036832
        0.9207920792       0.07914948244       0.07908485585        -3.088036832
        0.9306930693        0.0692583913       0.06920184092        -3.088036832
        0.9405940594       0.05936640941       0.05931793595        -3.088036832
        0.9504950495       0.04947362071       0.04943322485        -3.088036832
        0.9603960396       0.03958010127        0.0395477836        -3.088036832
        0.9702970297       0.02968591998       0.02966168104        -3.088036832
        0.9801980198       0.01979113922       0.01977497949        -3.088036832
        0.9900990099      0.009895815496      0.009887735433        -3.088036832
