  lambda: 0.311634
      wr: 0.01
                rho:            eigvec: 
                0.05     0.0003713675973
                 0.1     0.0007610142481
                0.15      0.001169093363
                 0.2       0.00159574655
                0.25      0.002041103364
                 0.3      0.002505281052
                0.35      0.002988384313
                 0.4      0.003490505063
                0.45      0.004011722211
                 0.5      0.004552101437
                0.55      0.005111694983
                 0.6      0.005690541451
                0.65      0.006288665608
                 0.7      0.006906078202
                0.75      0.007542775789
                 0.8      0.008198740563
                0.85      0.008873940201
                 0.9      0.009568327717
                0.95       0.01028184132
                   1        0.0110144043
                1.05        0.0117659249
                 1.1       0.01253629619
                1.15       0.01332539602
                 1.2        0.0141330869
                1.25       0.01495921593
                 1.3       0.01580361475
                1.35       0.01666609945
                 1.4        0.0175464706
                1.45       0.01844451315
                 1.5       0.01935999644
                1.55        0.0202926742
                 1.6       0.02124228457
                1.65       0.02220855007
                 1.7       0.02319117767
                1.75        0.0241898588
                 1.8       0.02520426946
                1.85        0.0262340702
                 1.9       0.02727890628
                1.95        0.0283384077
                   2       0.02941218934
                2.05       0.03049985105
                 2.1       0.03160097778
                2.15       0.03271513973
                 2.2       0.03384189249
                2.25        0.0349807772
                 2.3       0.03613132073
                2.35       0.03729303587
                 2.4       0.03846542151
                2.45       0.03964796287
                 2.5       0.04084013173
                2.55       0.04204138661
                 2.6       0.04325117309
                2.65       0.04446892402
                 2.7       0.04569405978
                2.75        0.0469259886
                 2.8       0.04816410681
                2.85       0.04940779919
                 2.9       0.05065643922
                2.95       0.05190938945
                   3       0.05316600183
                3.05       0.05442561802
                 3.1       0.05568756979
                3.15       0.05695117936
                 3.2       0.05821575978
                3.25       0.05948061529
                 3.3       0.06074504176
                3.35       0.06200832706
                 3.4       0.06326975147
                3.45       0.06452858813
                 3.5       0.06578410343
                3.55       0.06703555746
                 3.6       0.06828220447
                3.65        0.0695232933
                 3.7       0.07075806787
                3.75       0.07198576759
                 3.8       0.07320562791
                3.85       0.07441688073
                 3.9       0.07561875491
                3.95        0.0768104768
                   4       0.07799127068
                4.05       0.07916035927
                 4.1       0.08031696428
                4.15       0.08146030688
                 4.2       0.08258960823
                4.25       0.08370408999
                 4.3       0.08480297487
                4.35       0.08588548713
                 4.4        0.0869508531
                4.45       0.08799830175
                 4.5       0.08902706517
                4.55       0.09003637918
                 4.6       0.09102548376
                4.65        0.0919936237
                 4.7       0.09294004906
                4.75       0.09386401572
                 4.8       0.09476478594
                4.85        0.0956416289
                 4.9       0.09649382118
                4.95       0.09732064737
                   5       0.09812140054
                5.05       0.09889538282
                 5.1       0.09964190586
                5.15        0.1003602914
                 5.2        0.1010498719
                5.25        0.1017099907
                 5.3        0.1023400031
                5.35        0.1029392762
                 5.4        0.1035071899
                5.45        0.1040431374
                 5.5        0.1045465253
                5.55        0.1050167744
                 5.6          0.10545332
                5.65        0.1058556128
                 5.7        0.1062231187
                5.75        0.1065553196
                 5.8        0.1068517142
                5.85        0.1071118175
                 5.9        0.1073351625
                5.95        0.1075212993
                   6        0.1076697966
                6.05        0.1077802415
                 6.1        0.1078522401
                6.15        0.1078854176
                 6.2        0.1078794193
                6.25        0.1078339103
                 6.3        0.1077485762
                6.35        0.1076231233
                 6.4        0.1074572792
                6.45        0.1072507926
                 6.5        0.1070034341
                6.55        0.1067149963
                 6.6         0.106385294
                6.65        0.1060141646
                 6.7        0.1056014682
                6.75        0.1051470879
                 6.8        0.1046509303
                6.85        0.1041129251
                 6.9        0.1035330259
                6.95        0.1029112099
                   7        0.1022474786
                7.05        0.1015418573
                 7.1        0.1007943958
                7.15        0.1000051682
                 7.2       0.09917427314
                7.25       0.09830183371
                 7.3       0.09738799778
                7.35       0.09643293788
                 7.4       0.09543685128
                7.45       0.09439996001
                 7.5        0.0933225109
                7.55       0.09220477552
                 7.6       0.09104705018
                7.65        0.0898496559
                 7.7       0.08861293834
                7.75       0.08733726772
                 7.8       0.08602303871
                7.85       0.08467067039
                 7.9       0.08328060605
                7.95       0.08185331309
                   8       0.08038928285
                8.05       0.07888903044
                 8.1       0.07735309456
                8.15       0.07578203729
                 8.2       0.07417644383
                8.25       0.07253692233
                 8.3       0.07086410359
                8.35       0.06915864079
                 8.4       0.06742120922
                8.45       0.06565250598
                 8.5       0.06385324964
                8.55       0.06202417995
                 8.6       0.06016605743
                8.65       0.05827966308
                 8.7       0.05636579793
                8.75       0.05442528272
                 8.8       0.05245895742
                8.85       0.05046768088
                 8.9       0.04845233035
                8.95       0.04641380105
                   9       0.04435300568
                9.05       0.04227087401
                 9.1       0.04016835231
                9.15       0.03804640291
                 9.2       0.03590600368
                9.25       0.03374814748
                 9.3       0.03157384163
                9.35       0.02938410739
                 9.4       0.02717997937
                9.45       0.02496250497
                 9.5       0.02273274382
                9.55       0.02049176714
                 9.6        0.0182406572
                9.65       0.01598050669
                 9.7       0.01371241808
                9.75       0.01143750301
                 9.8      0.009156881677
                9.85      0.006871682153
                 9.9      0.004583039767
                9.95      0.002292096435
